
============================================================
  PROBLEME 11  —  Methode : NO
  Fournisseurs : 20   Clients : 10
============================================================

--- TABLEAU DES COUTS ---
                C1      C2      C3      C4      C5      C6      C7      C8      C9     C10  Provisions
------------------------------------------------------------------------------------------------------
P1               1       2       3       4       5       6       7       8       9      10          10
P2              11      12      13      14      15      16      17      18      19      20          20
P3              21      22      23      24      25      26      27      28      29      30          30
P4              31      32      33      34      35      36      37      38      39      40          40
P5              41      41      43      44      45      46      47      48      49      50          50
P6              51      52      53      54      55      56      57      58      59      60          60
P7              61      62      63      64      65      66      67      68      69      70          70
P8              71      72      73      74      75      76      77      78      79      80          80
P9              81      82      83      84      85      86      87      88      89      90          90
P10             91      92      93      94      95      96      97      98      99     100         100
P11            101     102     103     104     105     106     107     108     109     110         110
P12            111     112     113     114     115     116     117     118     119     120         120
P13            121     122     123     124     125     126     127     128     129     130         130
P14            131     132     133     134     135     136     137     138     139     140         140
P15            141     142     143     144     145     146     147     148     149     150         150
P16            151     152     153     154     155     156     157     158     159     160         160
P17            161     162     163     164     165     166     167     168     169     170         170
P18            171     172     173     174     175     176     177     178     179     180         180
P19            181     182     183     184     185     186     187     188     189     190         190
P20            191     192     193     194     195     196     197     198     199     200         200
Commandes      120     140     160     180     200     220     240     260     280     300


--- Methode Nord-Ouest ---

--- PROPOSITION INITIALE ---
                C1      C2      C3      C4      C5      C6      C7      C8      C9     C10  Provisions
------------------------------------------------------------------------------------------------------
P1              10       0       0       0       0       0       0       0       0       0          10
P2              20       0       0       0       0       0       0       0       0       0          20
P3              30       0       0       0       0       0       0       0       0       0          30
P4              40       0       0       0       0       0       0       0       0       0          40
P5              20      30       0       0       0       0       0       0       0       0          50
P6               0      60       0       0       0       0       0       0       0       0          60
P7               0      50      20       0       0       0       0       0       0       0          70
P8               0       0      80       0       0       0       0       0       0       0          80
P9               0       0      60      30       0       0       0       0       0       0          90
P10              0       0       0     100       0       0       0       0       0       0         100
P11              0       0       0      50      60       0       0       0       0       0         110
P12              0       0       0       0     120       0       0       0       0       0         120
P13              0       0       0       0      20     110       0       0       0       0         130
P14              0       0       0       0       0     110      30       0       0       0         140
P15              0       0       0       0       0       0     150       0       0       0         150
P16              0       0       0       0       0       0      60     100       0       0         160
P17              0       0       0       0       0       0       0     160      10       0         170
P18              0       0       0       0       0       0       0       0     180       0         180
P19              0       0       0       0       0       0       0       0      90     100         190
P20              0       0       0       0       0       0       0       0       0     200         200
Commandes      120     140     160     180     200     220     240     260     280     300

Cout initial : 279170

============================================================
  METHODE DU MARCHE-PIED AVEC POTENTIEL
============================================================

──────────────────────────────────────────────────
  ITERATION 0
──────────────────────────────────────────────────

--- PROPOSITION DE TRANSPORT ---
                C1      C2      C3      C4      C5      C6      C7      C8      C9     C10
------------------------------------------------------------------------------------------
P1              10       0       0       0       0       0       0       0       0       0
P2              20       0       0       0       0       0       0       0       0       0
P3              30       0       0       0       0       0       0       0       0       0
P4              40       0       0       0       0       0       0       0       0       0
P5              20      30       0       0       0       0       0       0       0       0
P6               0      60       0       0       0       0       0       0       0       0
P7               0      50      20       0       0       0       0       0       0       0
P8               0       0      80       0       0       0       0       0       0       0
P9               0       0      60      30       0       0       0       0       0       0
P10              0       0       0     100       0       0       0       0       0       0
P11              0       0       0      50      60       0       0       0       0       0
P12              0       0       0       0     120       0       0       0       0       0
P13              0       0       0       0      20     110       0       0       0       0
P14              0       0       0       0       0     110      30       0       0       0
P15              0       0       0       0       0       0     150       0       0       0
P16              0       0       0       0       0       0      60     100       0       0
P17              0       0       0       0       0       0       0     160      10       0
P18              0       0       0       0       0       0       0       0     180       0
P19              0       0       0       0       0       0       0       0      90     100
P20              0       0       0       0       0       0       0       0       0     200

  Cout de transport total : 279170


  Nombre d'aretes dans la base : 29  (attendu pour arbre : 29)
  Proposition connexe : OUI

  Potentiels U (fournisseurs) : [0, 10, 20, 30, 40, 51, 61, 71, 81, 91, 101, 111, 121, 131, 141, 151, 161, 171, 181, 191]
  Potentiels V (clients)      : [1, 1, 2, 3, 4, 5, 6, 7, 8, 9]

--- TABLE DES COUTS POTENTIELS ---
                C1      C2      C3      C4      C5      C6      C7      C8      C9     C10
------------------------------------------------------------------------------------------
P1               1       1       2       3       4       5       6       7       8       9
P2              11      11      12      13      14      15      16      17      18      19
P3              21      21      22      23      24      25      26      27      28      29
P4              31      31      32      33      34      35      36      37      38      39
P5              41      41      42      43      44      45      46      47      48      49
P6              52      52      53      54      55      56      57      58      59      60
P7              62      62      63      64      65      66      67      68      69      70
P8              72      72      73      74      75      76      77      78      79      80
P9              82      82      83      84      85      86      87      88      89      90
P10             92      92      93      94      95      96      97      98      99     100
P11            102     102     103     104     105     106     107     108     109     110
P12            112     112     113     114     115     116     117     118     119     120
P13            122     122     123     124     125     126     127     128     129     130
P14            132     132     133     134     135     136     137     138     139     140
P15            142     142     143     144     145     146     147     148     149     150
P16            152     152     153     154     155     156     157     158     159     160
P17            162     162     163     164     165     166     167     168     169     170
P18            172     172     173     174     175     176     177     178     179     180
P19            182     182     183     184     185     186     187     188     189     190
P20            192     192     193     194     195     196     197     198     199     200


--- TABLE DES COUTS MARGINAUX ---
                C1      C2      C3      C4      C5      C6      C7      C8      C9     C10
------------------------------------------------------------------------------------------
P1               0       1       1       1       1       1       1       1       1       1
P2               0       1       1       1       1       1       1       1       1       1
P3               0       1       1       1       1       1       1       1       1       1
P4               0       1       1       1       1       1       1       1       1       1
P5               0       0       1       1       1       1       1       1       1       1
P6              -1       0       0       0       0       0       0       0       0       0
P7              -1       0       0       0       0       0       0       0       0       0
P8              -1       0       0       0       0       0       0       0       0       0
P9              -1       0       0       0       0       0       0       0       0       0
P10             -1       0       0       0       0       0       0       0       0       0
P11             -1       0       0       0       0       0       0       0       0       0
P12             -1       0       0       0       0       0       0       0       0       0
P13             -1       0       0       0       0       0       0       0       0       0
P14             -1       0       0       0       0       0       0       0       0       0
P15             -1       0       0       0       0       0       0       0       0       0
P16             -1       0       0       0       0       0       0       0       0       0
P17             -1       0       0       0       0       0       0       0       0       0
P18             -1       0       0       0       0       0       0       0       0       0
P19             -1       0       0       0       0       0       0       0       0       0
P20             -1       0       0       0       0       0       0       0       0       0

  Meilleure arete ameliorante : (6,1)  (cout marginal = -1)
  Cycle : [(6, 1), (6, 2), (5, 2), (5, 1)]
  Conditions sur le cycle :
    (6,1) : + delta  (valeur actuelle = 0)
    (6,2) : - delta  (valeur actuelle = 60)
    (5,2) : + delta  (valeur actuelle = 30)
    (5,1) : - delta  (valeur actuelle = 20)
  -> delta = 20
  Arete supprimee : (5,1)
  Deplacement de 20 unites sur le cycle.
  Nouveau cout : 279150

──────────────────────────────────────────────────
  ITERATION 1
──────────────────────────────────────────────────

--- PROPOSITION DE TRANSPORT ---
                C1      C2      C3      C4      C5      C6      C7      C8      C9     C10
------------------------------------------------------------------------------------------
P1              10       0       0       0       0       0       0       0       0       0
P2              20       0       0       0       0       0       0       0       0       0
P3              30       0       0       0       0       0       0       0       0       0
P4              40       0       0       0       0       0       0       0       0       0
P5               0      50       0       0       0       0       0       0       0       0
P6              20      40       0       0       0       0       0       0       0       0
P7               0      50      20       0       0       0       0       0       0       0
P8               0       0      80       0       0       0       0       0       0       0
P9               0       0      60      30       0       0       0       0       0       0
P10              0       0       0     100       0       0       0       0       0       0
P11              0       0       0      50      60       0       0       0       0       0
P12              0       0       0       0     120       0       0       0       0       0
P13              0       0       0       0      20     110       0       0       0       0
P14              0       0       0       0       0     110      30       0       0       0
P15              0       0       0       0       0       0     150       0       0       0
P16              0       0       0       0       0       0      60     100       0       0
P17              0       0       0       0       0       0       0     160      10       0
P18              0       0       0       0       0       0       0       0     180       0
P19              0       0       0       0       0       0       0       0      90     100
P20              0       0       0       0       0       0       0       0       0     200

  Cout de transport total : 279150


  Nombre d'aretes dans la base : 29  (attendu pour arbre : 29)
  Proposition connexe : OUI

  Potentiels U (fournisseurs) : [0, 10, 20, 30, 39, 50, 60, 70, 80, 90, 100, 110, 120, 130, 140, 150, 160, 170, 180, 190]
  Potentiels V (clients)      : [1, 2, 3, 4, 5, 6, 7, 8, 9, 10]

--- TABLE DES COUTS POTENTIELS ---
                C1      C2      C3      C4      C5      C6      C7      C8      C9     C10
------------------------------------------------------------------------------------------
P1               1       2       3       4       5       6       7       8       9      10
P2              11      12      13      14      15      16      17      18      19      20
P3              21      22      23      24      25      26      27      28      29      30
P4              31      32      33      34      35      36      37      38      39      40
P5              40      41      42      43      44      45      46      47      48      49
P6              51      52      53      54      55      56      57      58      59      60
P7              61      62      63      64      65      66      67      68      69      70
P8              71      72      73      74      75      76      77      78      79      80
P9              81      82      83      84      85      86      87      88      89      90
P10             91      92      93      94      95      96      97      98      99     100
P11            101     102     103     104     105     106     107     108     109     110
P12            111     112     113     114     115     116     117     118     119     120
P13            121     122     123     124     125     126     127     128     129     130
P14            131     132     133     134     135     136     137     138     139     140
P15            141     142     143     144     145     146     147     148     149     150
P16            151     152     153     154     155     156     157     158     159     160
P17            161     162     163     164     165     166     167     168     169     170
P18            171     172     173     174     175     176     177     178     179     180
P19            181     182     183     184     185     186     187     188     189     190
P20            191     192     193     194     195     196     197     198     199     200


--- TABLE DES COUTS MARGINAUX ---
                C1      C2      C3      C4      C5      C6      C7      C8      C9     C10
------------------------------------------------------------------------------------------
P1               0       0       0       0       0       0       0       0       0       0
P2               0       0       0       0       0       0       0       0       0       0
P3               0       0       0       0       0       0       0       0       0       0
P4               0       0       0       0       0       0       0       0       0       0
P5               1       0       1       1       1       1       1       1       1       1
P6               0       0       0       0       0       0       0       0       0       0
P7               0       0       0       0       0       0       0       0       0       0
P8               0       0       0       0       0       0       0       0       0       0
P9               0       0       0       0       0       0       0       0       0       0
P10              0       0       0       0       0       0       0       0       0       0
P11              0       0       0       0       0       0       0       0       0       0
P12              0       0       0       0       0       0       0       0       0       0
P13              0       0       0       0       0       0       0       0       0       0
P14              0       0       0       0       0       0       0       0       0       0
P15              0       0       0       0       0       0       0       0       0       0
P16              0       0       0       0       0       0       0       0       0       0
P17              0       0       0       0       0       0       0       0       0       0
P18              0       0       0       0       0       0       0       0       0       0
P19              0       0       0       0       0       0       0       0       0       0
P20              0       0       0       0       0       0       0       0       0       0


*** SOLUTION OPTIMALE atteinte a l'iteration 1 ***
Cout total optimal : 279150

--- ALLOCATION FINALE ---
                C1      C2      C3      C4      C5      C6      C7      C8      C9     C10
------------------------------------------------------------------------------------------
P1              10       0       0       0       0       0       0       0       0       0
P2              20       0       0       0       0       0       0       0       0       0
P3              30       0       0       0       0       0       0       0       0       0
P4              40       0       0       0       0       0       0       0       0       0
P5               0      50       0       0       0       0       0       0       0       0
P6              20      40       0       0       0       0       0       0       0       0
P7               0      50      20       0       0       0       0       0       0       0
P8               0       0      80       0       0       0       0       0       0       0
P9               0       0      60      30       0       0       0       0       0       0
P10              0       0       0     100       0       0       0       0       0       0
P11              0       0       0      50      60       0       0       0       0       0
P12              0       0       0       0     120       0       0       0       0       0
P13              0       0       0       0      20     110       0       0       0       0
P14              0       0       0       0       0     110      30       0       0       0
P15              0       0       0       0       0       0     150       0       0       0
P16              0       0       0       0       0       0      60     100       0       0
P17              0       0       0       0       0       0       0     160      10       0
P18              0       0       0       0       0       0       0       0     180       0
P19              0       0       0       0       0       0       0       0      90     100
P20              0       0       0       0       0       0       0       0       0     200

